8
11
6
8
9
7
4
12
12
11
9
4
9
5
10
6
7
9
4
9
7
4
7
4
6
9
11
8
8
7
6
3
7
10
3
4
5
4
9
7
4
12
5
6
13
8
5
7
13
4
14
7
7
22
22
6
8
5
5
3
10
9
12
8
9
5
8
8
5
5
4
5
9
8
6
5
12
3
5
5
7
7
6
7
11
4
12
9
5
4
6
7
7
14
6
24
9
6
4
10
13
9
9
6
9
12
7
7
8
4
4
13
11
10
3
10
15
5
5
7
8
7
5
6
4
5
10
8
7
7
6
5
10
15
9
5
5
5
12
6
9
3
7
5
9
11
7
9
6
7
13
7
9
13
3
5
10
5
12
7
8
5
8
6
7
6
7
5
9
4
6
7
9
6
3
6
8
10
6
7
11
14
5
6
5
11
17
6
10
9
6
6
7
7
7
5
8
7
4
6
4
11
7
5
8
6
6
8
14
13
7
15
6
5
11
13
4
8
4
7
6
9
4
8
4
7
5
5
16
9
5
8
7
9
10
6
8
4
8
14
3
9
7
8
4
14
8
3
7
3
10
8
12
4
7
11
6
9
4
9
5
8
9
8
11
3
11
6
10
7
8
6
8
12
9
7
5
4
7
11
8
6
13
8
5
6
5
10
4
10
5
12
6
4
4
3
6
7
5
3
7
6
11
7
8
5
7
6
3
3
16
7
7
9
5
3
5
8
13
6
11
9
5
11
7
3
6
7
9
8
6
7
4
12
9
7
9
7
4
6
7
7
11
6
3
4
8
5
10
8
3
3
11
7
7
8
4
5
6
5
6
16
5
5
8
5
7
13
7
6
6
9
6
3
7
15
4
4
3
6
5
5
8
9
22
6
6
7
11
5
10
5
6
7
17
14
7
9
8
7
6
10
4
10
10
7
4
7
6
10
9
6
3
4
8
18
6
5
3
7
7
16
10
10
10
12
8
12
7
7
5
10
10
11
7
6
19
7
5
11
5
6
10
4
6
11
5
5
8
6
6
7
4
9
9
9
9
15
9
9
4
11
6
5
3
5
6
13
4
5
11
6
10
6
7
4
14
8
12
6
4
8
7
6
7
7
11
8
4
12
6
8
8
9
11
10
9
7
4
7
5
3
12
7
12
